Results of model 'HMM_3_SandP500':
                         
 LL              17126.67
 AIC            -34223.34
 BIC            -34124.75
 exit code           1.00
 iterations        280.00
 run time (min)    186.00

Estimates:

$Gamma
             [,1]       [,2]         [,3]
[1,] 9.819936e-01 0.01729225 0.0007141695
[2,] 2.080638e-02 0.97359585 0.0055977708
[3,] 1.551360e-14 0.02896794 0.9710320554

$mus
[1]  0.0009911915 -0.0001758699 -0.0020544959

$sigmas
[1] 0.004853966 0.011423680 0.024396850

$dfs
[1]  7.075006 18.690202  6.563518

Gradient:

 [1] -2.499276e-06 -1.238686e-04 -2.238087e-04  0.000000e+00  8.230648e-05  1.037089e-05  8.321858e-03
 [8] -1.269529e-02  2.381985e-03  3.188598e-03 -8.061073e-04  3.846902e-04 -2.287094e-06  1.699693e-05
[15] -3.957507e-06

Hessian:

               [,1]          [,2]          [,3] [,4]        [,5]          [,6]          [,7]          [,8]
 [1,]  3.025089e+01    0.23828761  -10.95431799    0  -0.3139576  1.023000e+00  3.534187e+02 -1.618949e+03
 [2,]  2.382876e-01   10.48938429    0.11350494    0  -3.0249794 -3.099558e-01 -2.228408e+02  3.188070e+01
 [3,] -1.095432e+01    0.11350494   31.92726581    0  -0.7661583 -4.285539e-01  7.382372e+02 -8.133913e+02
 [4,]  0.000000e+00    0.00000000    0.00000000    0   0.0000000  0.000000e+00  0.000000e+00  0.000000e+00
 [5,] -3.139576e-01   -3.02497938   -0.76615834    0   7.8416633  7.363269e-01 -7.636845e+01  1.011394e+02
 [6,]  1.023000e+00   -0.30995579   -0.42855390    0   0.7363269  4.045432e-01 -1.385604e+02  4.271460e+01
 [7,]  3.534187e+02 -222.84075385  738.23721323    0 -76.3684511 -1.385604e+02  1.404349e+07  2.131650e+06
 [8,] -1.618949e+03   31.88069968 -813.39130702    0 101.1394488  4.271460e+01  2.131650e+06  7.855318e+07
 [9,] -2.644738e+01   72.99968274  -41.98082024    0 -36.2339051  3.023524e+01  1.775914e+05  2.159483e+03
[10,]  6.632035e+00    9.52313712  -24.17655196    0  30.1315595  2.900561e+00  1.095529e+04  1.038381e+04
[11,]  6.150585e+01    0.39799488    0.74287527    0  -6.4537744 -5.460606e-01  5.426364e+03  1.623275e+04
[12,] -1.764056e+00   -6.46286935    8.12033250    0   6.6549546  1.438457e+00  4.698988e+02 -8.120478e+01
[13,] -1.490991e-02   -0.08761030   -0.01605832    0  -0.1813325 -1.740138e-02  7.192376e-01 -9.900139e+00
[14,] -1.469588e+00   -0.01218658   -0.19323694    0   0.1417139  7.198821e-04 -5.923170e+01 -3.716769e+02
[15,]  3.347807e-02    0.06313166   -0.13047578    0  -0.1377922 -2.932102e-02 -5.654690e+00  3.374689e+00
               [,9]        [,10]         [,11]         [,12]       [,13]         [,14]         [,15]
 [1,] -2.644738e+01     6.632035  6.150585e+01   -1.76405592 -0.01490991 -1.469588e+00  3.347807e-02
 [2,]  7.299968e+01     9.523137  3.979949e-01   -6.46286935 -0.08761030 -1.218658e-02  6.313166e-02
 [3,] -4.198082e+01   -24.176552  7.428753e-01    8.12033250 -0.01605832 -1.932369e-01 -1.304758e-01
 [4,]  0.000000e+00     0.000000  0.000000e+00    0.00000000  0.00000000  0.000000e+00  0.000000e+00
 [5,] -3.623391e+01    30.131559 -6.453774e+00    6.65495463 -0.18133250  1.417139e-01 -1.377922e-01
 [6,]  3.023524e+01     2.900561 -5.460606e-01    1.43845682 -0.01740138  7.198821e-04 -2.932102e-02
 [7,]  1.775914e+05 10955.288599  5.426364e+03  469.89880502  0.71923755 -5.923170e+01 -5.654690e+00
 [8,]  2.159483e+03 10383.809058  1.623275e+04  -81.20478014 -9.90013918 -3.716769e+02  3.374689e+00
 [9,]  6.004603e+05  1758.264989  3.430541e+01 1089.87151179 -5.31117741 -4.772304e-01 -2.341043e+01
[10,]  1.758265e+03  1985.082781 -6.290204e+02 -331.52027754 -4.41041272  1.092149e+01  6.066182e+00
[11,]  3.430541e+01  -629.020360  2.141964e+03   -3.27854650  1.33805708 -3.258747e+01  3.320093e-02
[12,]  1.089872e+03  -331.520278 -3.278547e+00  458.12739699  1.18673904  5.707637e-02 -1.033702e+01
[13,] -5.311177e+00    -4.410413  1.338057e+00    1.18673904  0.02522355 -2.259546e-02 -2.220625e-02
[14,] -4.772304e-01    10.921486 -3.258747e+01    0.05707637 -0.02259546  1.177212e+00 -8.225948e-04
[15,] -2.341043e+01     6.066182  3.320093e-02  -10.33701884 -0.02220625 -8.225948e-04  5.292240e-01
