ESTIMATION RESULTS of model 'HMM_2_sim_gamma':
                         
 LL             -1313.369
 AIC             2638.738
 BIC             2677.842
 exit code          1.000
 iterations        18.000
 run time (min)     2.000

TRUE parameter values:

$Gamma
          [,1]       [,2]
[1,] 0.9412002 0.05879977
[2,] 0.1610980 0.83890199

$mus
[1] 0.5014714 1.5014714

$sigmas
[1] 0.1747301 1.1747301

$dfs
NULL

ESTIMATES:

$Gamma
          [,1]       [,2]
[1,] 0.9430532 0.05694678
[2,] 0.1558522 0.84414782

$mus
[1] 0.5008137 1.4969344

$sigmas
[1] 0.1762395 1.1843770

$dfs
NULL

GRADIENT:

[1] -0.02170455  0.03409472  0.05902067 -0.05220045 -0.02681954 -0.06169885

HESSIAN:

              [,1]        [,2]         [,3]        [,4]          [,5]          [,6]
[1,] 123.489342726 -39.2268703     6.367642   -97.77696  5.977636e-03    31.1474097
[2,] -39.226870308 151.0886985    27.425213    24.47914  9.822686e+01    -0.6511591
[3,]   6.367641936  27.4252131 33585.251419   989.02561 -7.097146e+03  -879.6246728
[4,] -97.776964307  24.4791427   989.025606  4208.32891 -6.519830e+02 -2705.8294603
[5,]   0.005977636  98.2268637 -7097.145721  -651.98302  5.976664e+03   245.8352370
[6,]  31.147409741  -0.6511591  -879.624673 -2705.82946  2.458352e+02  2908.3031634
