Results of model 'HMM_2_DAX':
                         
 LL              15910.22
 AIC            -31804.44
 BIC            -31751.73
 exit code           1.00
 iterations        146.00
 run time (min)     28.00

Estimates:

$Gamma
           [,1]        [,2]
[1,] 0.99094053 0.009059467
[2,] 0.01800838 0.981991623

$mus
[1]  0.0009020999 -0.0010462890

$sigmas
[1] 0.007806017 0.018422969

$dfs
[1] 6.432339 6.663862


Gradient:

[1]  4.749051e-06 -9.699662e-06 -1.345268e-02  7.481367e-03 -1.301066e-04 -3.321962e-04  1.319490e-05  5.238165e-06

Hessian:

              [,1]          [,2]          [,3]          [,4]         [,5]        [,6]         [,7]         [,8]
[1,]    22.0517904    -8.4557541    -1076.4174  6.068103e+02     1.422086   -34.23866   -0.1892418    0.3360178
[2,]    -8.4557541    22.3684765    -1832.4292  3.535748e+02    63.679727    12.12848   -1.5835572   -0.3416135
[3,] -1076.4173567 -1832.4291887 42700960.7636  8.859350e+05 31887.852128 16342.34795 -137.3536382 -232.3116889
[4,]   606.8103175   353.5747965   885934.9828  3.846976e+06  2903.437780  4968.46042  -64.8912328   -3.9430635
[5,]     1.4220859    63.6797267    31887.8521  2.903438e+03  2908.199713 -1010.14793  -62.2321756   16.8214975
[6,]   -34.2386556    12.1284756    16342.3480  4.968460e+03 -1010.147935  1530.86767   21.0969310  -34.6627038
[7,]    -0.1892418    -1.5835572     -137.3536 -6.489123e+01   -62.232176    21.09693    2.8654270   -0.3569426
[8,]     0.3360178    -0.3416135     -232.3117 -3.943063e+00    16.821497   -34.66270   -0.3569426    1.8054904
