Results of model 'HMM_2_SandP500':
                         
 LL              16980.44
 AIC            -33944.89
 BIC            -33892.31
 exit code           1.00
 iterations        130.00
 run time (min)     42.00

Estimates:

$Gamma
           [,1]      [,2]
[1,] 0.98930690 0.0106931
[2,] 0.01559539 0.9844046

$mus
[1]  0.0008873967 -0.0004910195

$sigmas
[1] 0.005337454 0.013217081

$dfs
[1] 5.967214 4.302250

Gradient:

[1] -3.730079e-07 -1.657313e-05 -9.176292e-03  3.419700e-04  1.669971e-04 -2.119848e-04  2.118573e-06
[8]  6.240522e-06

Hessian:

              [,1]          [,2]          [,3]          [,4]         [,5]         [,6]         [,7]
[1,]    23.5089828    -8.7977241    -1214.3373     683.64316     7.771814   -30.079536   -0.3208647
[2,]    -8.7977241    23.6963388    -1964.3954     390.33621    58.377191     6.207847   -1.7218662
[3,] -1214.3373169 -1964.3954147 79256230.1307 1461139.28204 27489.965942 15892.272131 -303.9381821
[4,]   683.6431567   390.3362085  1461139.2820 8423761.97579  4966.407869  7559.618098 -126.1550600
[5,]     7.7718141    58.3771907    27489.9659    4966.40787  2340.737410  -864.063259  -54.4931039
[6,]   -30.0795364     6.2078470    15892.2721    7559.61810  -864.063259  1779.095692   22.6696424
[7,]    -0.3208647    -1.7218662     -303.9382    -126.15506   -54.493104    22.669642    3.0717262
[8,]     0.6204161    -0.6178793     -505.1217      81.46206    34.469495   -84.636186   -0.9081185
             [,8]
[1,]    0.6204161
[2,]   -0.6178793
[3,] -505.1216828
[4,]   81.4620603
[5,]   34.4694955
[6,]  -84.6361858
[7,]   -0.9081185
[8,]   10.2164728
