ESTIMATION RESULTS of model 'HHMM_2_2_DAX':
                         
 LL              16332.69
 AIC            -32621.39
 BIC            -32473.82
 exit code           2.00
 iterations        159.00
 run time (min)    313.00

ESTIMATES:

$Gamma
          [,1]      [,2]
[1,] 0.8767246 0.1232754
[2,] 0.1315078 0.8684922

$mus
[1] 0.1301327 0.2857986

$sigmas
[1] 0.03141377 0.10868799

$dfs
NULL

$Gammas_star
$Gammas_star[[1]]
          [,1]         [,2]
[1,] 0.9999643 0.0000357155
[2,] 0.3528917 0.6471082926

$Gammas_star[[2]]
            [,1]        [,2]
[1,] 0.997899758 0.002100242
[2,] 0.006541064 0.993458936


$mus_star
$mus_star[[1]]
[1]  0.001074924 -0.035369226

$mus_star[[2]]
[1]  3.938689e-05 -2.202657e-03


$sigmas_star
$sigmas_star[[1]]
[1] 6.489511e-03 3.755876e-05

$sigmas_star[[2]]
[1] 0.01255030 0.02648849


$dfs_star
$dfs_star[[1]]
[1]  5.134362 23.418651

$dfs_star[[2]]
[1] 11.36579 13.86412


GRADIENT:

 [1] -8.240061e+00 -2.383439e+00  2.038457e+00 -3.104248e+00  8.014706e-02 -1.310711e-02  3.954005e-01
 [8] -1.972834e-01  8.929675e+00 -2.003398e+01  2.529542e+01  1.119002e+01  8.333078e-02 -3.654154e-01
[15] -2.532881e-02  1.825289e-02  9.174918e-03  5.864343e-02  1.455017e-01 -6.198511e-01 -4.194325e-06
[22] -1.276377e-01

HESSIAN:

               [,1]          [,2]          [,3]          [,4]          [,5]          [,6]          [,7]
 [1,]  9.550410e+00 -2.806616e+00  6.199402e-02 -5.652175e-02  4.237719e-03  2.446676e-03 -2.201171e+00
 [2,] -2.806616e+00  1.336040e+01 -4.359954e-01  3.793153e-01  4.149944e-03  1.271346e-03 -9.045269e+00
 [3,]  6.199402e-02 -4.359954e-01  2.191079e+01 -2.095683e+01 -7.493311e-05 -8.274076e-04 -5.574044e+00
 [4,] -5.652175e-02  3.793153e-01 -2.095683e+01  2.129519e+01  1.768209e-04  1.134717e-03  4.851159e+00
 [5,]  4.237719e-03  4.149944e-03 -7.493311e-05  1.768209e-04  8.324423e-02 -1.007786e-02  1.531765e-03
 [6,]  2.446676e-03  1.271346e-03 -8.274076e-04  1.134717e-03 -1.007786e-02  6.926406e-03 -1.245494e-02
 [7,] -2.201171e+00 -9.045269e+00 -5.574044e+00  4.851159e+00  1.531765e-03 -1.245494e-02  1.217005e+03
 [8,]  5.007664e+00 -5.281301e+00 -8.500212e+00  7.430760e+00 -8.362693e-03 -2.647998e-02 -1.067446e+02
 [9,] -4.209542e-02  7.437056e-01 -1.574967e+02  2.066064e+02  5.645288e-02  0.000000e+00  6.066030e+00
[10,]  3.036821e+02  5.431251e+02  3.971179e+01 -5.792251e+01  4.510065e-01  7.616456e+00  2.629063e+03
[11,]  1.175209e+02  7.036894e+01 -3.920558e+01  3.685426e+01 -1.297385e+02 -8.401058e+01 -4.689668e+02
[12,] -5.839724e+02 -6.379960e+02  4.966567e+01 -3.702361e+01  5.056830e+00  2.511711e+00  4.323501e+00
[13,]  1.604402e+00  2.726200e+00  8.977980e-01 -7.764419e-01 -1.640884e-03  1.081394e-03 -2.873926e+02
[14,]  3.738575e+00  2.165676e+00 -1.376753e+00  1.216698e+00 -7.705052e-03 -8.755610e-03 -1.139584e+01
[15,]  1.608757e-02 -2.038114e-02  2.650902e+01 -3.760831e+01 -4.598658e-04 -8.261776e-04 -3.729759e-01
[16,] -3.964787e+00 -1.977522e+01  4.481968e+01 -3.213729e+01  3.645254e-02 -9.661561e-03 -1.900442e+02
[17,] -7.279714e-05 -3.782698e-05  1.448133e-05 -1.421548e-05  5.927294e-05  5.888135e-05  2.280480e-04
[18,]  1.458398e+01 -4.697795e+00 -1.605565e+01  1.403374e+01 -3.778737e-02 -6.485030e-02 -1.940676e+02
[19,] -8.025474e-05  2.085106e-05 -9.915874e-02  1.186954e-01  2.562552e-06  4.327558e-05  1.016116e-03
[20,] -7.081745e-03  7.762087e-02 -4.837794e-01  3.065659e-01 -1.471340e-04  2.092423e-04  1.002208e+00
[21,]  3.959312e-06  0.000000e+00 -1.260183e-06  3.092623e-06 -4.551182e-06  0.000000e+00 -1.240314e-05
[22,] -4.751999e-01  1.541401e-01  5.115311e-01 -4.510498e-01  6.637140e-04  1.809721e-03  6.134091e+00
               [,8]          [,9]         [,10]         [,11]         [,12]         [,13]         [,14]
 [1,]  5.007664e+00 -4.209542e-02  3.036821e+02  1.175209e+02 -5.839724e+02  1.604402e+00  3.738575e+00
 [2,] -5.281301e+00  7.437056e-01  5.431251e+02  7.036894e+01 -6.379960e+02  2.726200e+00  2.165676e+00
 [3,] -8.500212e+00 -1.574967e+02  3.971179e+01 -3.920558e+01  4.966567e+01  8.977980e-01 -1.376753e+00
 [4,]  7.430760e+00  2.066064e+02 -5.792251e+01  3.685426e+01 -3.702361e+01 -7.764419e-01  1.216698e+00
 [5,] -8.362693e-03  5.645288e-02  4.510065e-01 -1.297385e+02  5.056830e+00 -1.640884e-03 -7.705052e-03
 [6,] -2.647998e-02  0.000000e+00  7.616456e+00 -8.401058e+01  2.511711e+00  1.081394e-03 -8.755610e-03
 [7,] -1.067446e+02  6.066030e+00  2.629063e+03 -4.689668e+02  4.323501e+00 -2.873926e+02 -1.139584e+01
 [8,]  1.884056e+03  1.137967e+01  3.335960e+03 -1.004688e+03  1.505820e+03  1.340629e+01 -2.650439e+02
 [9,]  1.137967e+01  7.780677e+05  2.117642e+05 -8.405437e+01  1.536510e+03 -6.325886e-01  2.959137e+00
[10,]  3.335960e+03  2.117642e+05  1.266338e+07 -4.987879e+04  6.745277e+05 -5.223251e+02  2.121950e+02
[11,] -1.004688e+03 -8.405437e+01 -4.987879e+04  4.731801e+05  1.354605e+05  3.630146e+01 -3.332469e+02
[12,]  1.505820e+03  1.536510e+03  6.745277e+05  1.354605e+05  3.961464e+07  2.126620e+02  9.524816e+02
[13,]  1.340629e+01 -6.325886e-01 -5.223251e+02  3.630146e+01  2.126620e+02  2.971871e+02 -1.156270e+00
[14,] -2.650439e+02  2.959137e+00  2.121950e+02 -3.332469e+02  9.524816e+02 -1.156270e+00  2.038975e+02
[15,] -6.466324e-01  1.280192e+03  2.370786e+03 -1.482502e+01  4.194335e-01  4.839633e-02 -1.336600e-01
[16,] -2.568175e+02  2.706588e+03  8.436895e+03 -2.385703e+02  2.061946e+03  3.558616e+01 -3.086074e+01
[17,]  4.639688e-04  8.104496e-03 -4.532322e-01  2.639742e+02 -3.321429e-02 -2.413144e-05  1.495998e-04
[18,] -3.626804e+02  1.926195e+01  4.746999e+03 -2.470910e+03  8.701345e+03  2.125757e+01 -8.158706e+01
[19,]  1.923753e-03 -5.914805e+00 -4.663521e+00  4.525559e-02  4.882250e-02 -1.241499e-04  4.360094e-04
[20,]  1.464203e+00 -2.282428e+01  3.462829e+01  2.550013e+00 -2.221937e+01 -1.710866e-01  2.169383e-01
[21,] -3.428079e-05  0.000000e+00 -1.972042e-01 -9.333222e-02  0.000000e+00 -3.499914e-06 -1.346727e-05
[22,]  1.179752e+01 -1.124932e+00 -2.138946e+02  6.414060e+01  2.153978e+02 -6.194232e-01  2.707751e+00
              [,15]         [,16]         [,17]         [,18]         [,19]         [,20]         [,21]
 [1,]  1.608757e-02 -3.964787e+00 -7.279714e-05  1.458398e+01 -8.025474e-05 -7.081745e-03  3.959312e-06
 [2,] -2.038114e-02 -1.977522e+01 -3.782698e-05 -4.697795e+00  2.085106e-05  7.762087e-02  0.000000e+00
 [3,]  2.650902e+01  4.481968e+01  1.448133e-05 -1.605565e+01 -9.915874e-02 -4.837794e-01 -1.260183e-06
 [4,] -3.760831e+01 -3.213729e+01 -1.421548e-05  1.403374e+01  1.186954e-01  3.065659e-01  3.092623e-06
 [5,] -4.598658e-04  3.645254e-02  5.927294e-05 -3.778737e-02  2.562552e-06 -1.471340e-04 -4.551182e-06
 [6,] -8.261776e-04 -9.661561e-03  5.888135e-05 -6.485030e-02  4.327558e-05  2.092423e-04  0.000000e+00
 [7,] -3.729759e-01 -1.900442e+02  2.280480e-04 -1.940676e+02  1.016116e-03  1.002208e+00 -1.240314e-05
 [8,] -6.466324e-01 -2.568175e+02  4.639688e-04 -3.626804e+02  1.923753e-03  1.464203e+00 -3.428079e-05
 [9,]  1.280192e+03  2.706588e+03  8.104496e-03  1.926195e+01 -5.914805e+00 -2.282428e+01  0.000000e+00
[10,]  2.370786e+03  8.436895e+03 -4.532322e-01  4.746999e+03 -4.663521e+00  3.462829e+01 -1.972042e-01
[11,] -1.482502e+01 -2.385703e+02  2.639742e+02 -2.470910e+03  4.525559e-02  2.550013e+00 -9.333222e-02
[12,]  4.194335e-01  2.061946e+03 -3.321429e-02  8.701345e+03  4.882250e-02 -2.221937e+01  0.000000e+00
[13,]  4.839633e-02  3.558616e+01 -2.413144e-05  2.125757e+01 -1.241499e-04 -1.710866e-01 -3.499914e-06
[14,] -1.336600e-01 -3.086074e+01  1.495998e-04 -8.158706e+01  4.360094e-04  2.169383e-01 -1.346727e-05
[15,]  7.796502e+02 -3.877575e+02  0.000000e+00 -1.239467e+00 -4.688597e+00  3.025591e+00 -2.139127e-06
[16,] -3.877575e+02  2.426388e+03  1.060155e-04 -4.646051e+02  1.511736e+00 -1.416414e+01 -8.870772e-06
[17,]  0.000000e+00  1.060155e-04  9.318490e-03  1.130427e-03 -1.287599e-06  0.000000e+00  7.622737e-07
[18,] -1.239467e+00 -4.646051e+02  1.130427e-03  2.123390e+03  3.633216e-03  2.810773e+00 -8.326089e-05
[19,] -4.688597e+00  1.511736e+00 -1.287599e-06  3.633216e-03  3.575829e-02 -1.060749e-02 -5.602425e-07
[20,]  3.025591e+00 -1.416414e+01  0.000000e+00  2.810773e+00 -1.060749e-02  2.642201e-01  0.000000e+00
[21,] -2.139127e-06 -8.870772e-06  7.622737e-07 -8.326089e-05 -5.602425e-07  0.000000e+00  0.000000e+00
[22,]  4.386882e-02  1.396443e+01 -3.126513e-05 -7.314160e+01 -1.429786e-04 -7.653256e-02  1.511517e-06
              [,22]
 [1,] -4.751999e-01
 [2,]  1.541401e-01
 [3,]  5.115311e-01
 [4,] -4.510498e-01
 [5,]  6.637140e-04
 [6,]  1.809721e-03
 [7,]  6.134091e+00
 [8,]  1.179752e+01
 [9,] -1.124932e+00
[10,] -2.138946e+02
[11,]  6.414060e+01
[12,]  2.153978e+02
[13,] -6.194232e-01
[14,]  2.707751e+00
[15,]  4.386882e-02
[16,]  1.396443e+01
[17,] -3.126513e-05
[18,] -7.314160e+01
[19,] -1.429786e-04
[20,] -7.653256e-02
[21,]  1.511517e-06
[22,]  5.009387e+00
