ESTIMATION RESULTS of model 'HMM_DAX_3':
                         
 LL              16062.00
 AIC            -32094.00
 BIC            -31995.17
 exit code           1.00
 iterations        284.00
 run time (min)     82.00

ESTIMATES:

$Gamma
             [,1]       [,2]         [,3]
[1,] 9.774395e-01 0.02256047 3.820455e-41
[2,] 1.723100e-02 0.97778586 4.983142e-03
[3,] 2.496762e-21 0.01701319 9.829868e-01

$mus
[1]  0.0012649542 -0.0001947004 -0.0017444385

$sigmas
[1] 0.005931549 0.012986502 0.025854808

$dfs
[1]  5.694712 42.094931 10.840021

GRADIENT:

 [1]  2.767727e-06  0.000000e+00 -5.726668e-06 -7.824610e-07  0.000000e+00 -1.784799e-06 -1.517792e-03 -8.749157e-04
 [9] -8.071765e-05 -1.994958e-05 -4.235457e-05  7.852701e-05  4.887084e-07 -1.408698e-07  2.181441e-07

HESSIAN:

               [,1] [,2]          [,3]          [,4] [,5]         [,6]          [,7]          [,8]          [,9]
 [1,]  2.532088e+01    0 -1.464159e+01  1.969966e-01    0  -1.18689059 -1.348304e+03  1.434779e+03 -4.391586e+01
 [2,]  0.000000e+00    0  0.000000e+00  0.000000e+00    0   0.00000000  0.000000e+00  0.000000e+00  0.000000e+00
 [3,] -1.464159e+01    0  2.794004e+01 -6.748451e-02    0   0.37725840 -2.145144e+03  3.110996e+02  5.353286e-01
 [4,]  1.969966e-01    0 -6.748451e-02  9.872929e+00    0  -2.35577318 -2.087654e+00 -1.472859e+02  5.246893e+01
 [5,]  0.000000e+00    0  0.000000e+00  0.000000e+00    0   0.00000000  0.000000e+00  0.000000e+00  0.000000e+00
 [6,] -1.186891e+00    0  3.772584e-01 -2.355773e+00    0  10.15669113  1.072594e+02  2.783636e+01 -1.784920e+01
 [7,] -1.348304e+03    0 -2.145144e+03 -2.087654e+00    0 107.25943866  3.758256e+07  1.875090e+06  1.534432e+03
 [8,]  1.434779e+03    0  3.110996e+02 -1.472859e+02    0  27.83635864  1.875090e+06  1.325899e+07  1.853801e+05
 [9,] -4.391586e+01    0  5.353286e-01  5.246893e+01    0 -17.84919732  1.534432e+03  1.853801e+05  8.851832e+05
[10,] -9.711766e+00    0  6.776281e+01  4.316462e-01    0  -8.95361154  1.446033e+04  8.681610e+03  1.982007e+01
[11,] -5.373658e+01    0  1.125027e+01  5.958645e+00    0  18.18116289  1.224373e+04  1.074700e+04  2.287316e+03
[12,]  8.190545e+00    0 -8.123607e-01 -6.473783e+00    0   6.59165380 -6.134433e+01  2.710145e+02  1.236333e+03
[13,]  3.154884e-01    0 -1.913980e+00 -2.568115e-02    0   0.23697567 -4.333060e+02 -2.543355e+02 -2.189957e+00
[14,]  6.304573e-03    0 -8.944802e-03 -7.925008e-03    0  -0.02068972 -2.702134e+00  3.885289e+00 -1.663318e+00
[15,] -4.597806e-02    0  4.312540e-03  2.236816e-02    0  -0.05153234  3.753924e-01  2.279975e+00 -2.806977e+00
              [,10]        [,11]        [,12]         [,13]        [,14]        [,15]
 [1,]    -9.7117663   -53.736585    8.1905455  3.154884e-01  0.006304573 -0.045978056
 [2,]     0.0000000     0.000000    0.0000000  0.000000e+00  0.000000000  0.000000000
 [3,]    67.7628123    11.250268   -0.8123607 -1.913980e+00 -0.008944802  0.004312540
 [4,]     0.4316462     5.958645   -6.4737833 -2.568115e-02 -0.007925008  0.022368156
 [5,]     0.0000000     0.000000    0.0000000  0.000000e+00  0.000000000  0.000000000
 [6,]    -8.9536115    18.181163    6.5916538  2.369757e-01 -0.020689715 -0.051532340
 [7,] 14460.3309309 12243.726633  -61.3443262 -4.333060e+02 -2.702133837  0.375392370
 [8,]  8681.6095063 10746.998123  271.0145054 -2.543355e+02  3.885289111  2.279974613
 [9,]    19.8200723  2287.315692 1236.3334463 -2.189957e+00 -1.663318277 -2.806977106
[10,]  1271.2023818  -676.808304   -4.0825398 -3.207128e+01  0.274791221  0.021646603
[11,]  -676.8083040  2803.093776 -368.3471732  1.460095e+01 -1.547904409  2.419083403
[12,]    -4.0825398  -368.347173  853.6762834  1.851342e-01  0.246427125 -7.269516618
[13,]   -32.0712821    14.600946    0.1851342  2.010507e+00 -0.003753036 -0.001323045
[14,]     0.2747912    -1.547904    0.2464271 -3.753036e-03  0.001595326 -0.001585751
[15,]     0.0216466     2.419083   -7.2695166 -1.323045e-03 -0.001585751  0.133887748
