Results of model 'HMM_3_DAX':
                         
 LL              16055.08
 AIC            -32080.15
 BIC            -31981.33
 exit code           1.00
 iterations        302.00
 run time (min)    173.00

Estimates:

$Gamma
             [,1]       [,2]         [,3]
[1,] 9.773211e-01 0.02267887 5.661193e-83
[2,] 1.726206e-02 0.97774893 4.989008e-03
[3,] 3.970914e-48 0.01702207 9.829779e-01

$mus
[1]  0.0012647459 -0.0001926435 -0.0017450263

$sigmas
[1] 0.005928913 0.012998714 0.025858104

$dfs
[1]  5.700444 43.021515 10.842667

Gradient:

 [1] -9.776437e-07  1.091863e-05  1.571536e-06  0.000000e+00  8.543533e-06  0.000000e+00  3.788728e-03
 [8] -1.033732e-04 -8.137031e-03  5.189448e-06 -2.902316e-05 -7.893652e-05 -1.657412e-07 -3.892083e-07
[15]  5.126278e-06

Hessian:

               [,1]          [,2]         [,3] [,4]          [,5] [,6]          [,7]          [,8]
 [1,]  9.907490e+00 -7.112249e-02  -2.35831976    0  1.904482e-01    0 -1.473889e+02  5.264192e+01
 [2,] -7.112249e-02  2.784673e+01   0.36943675    0 -1.470180e+01    0  3.216066e+02  5.176844e-01
 [3,] -2.358320e+00  3.694367e-01  10.36059984    0 -1.033732e+00    0  2.896213e+01 -1.852441e+01
 [4,]  0.000000e+00  0.000000e+00   0.00000000    0  0.000000e+00    0  0.000000e+00  0.000000e+00
 [5,]  1.904482e-01 -1.470180e+01  -1.03373168    0  2.554734e+01    0  1.432023e+03 -4.407539e+01
 [6,]  0.000000e+00  0.000000e+00   0.00000000    0  0.000000e+00    0  0.000000e+00  0.000000e+00
 [7,] -1.473889e+02  3.216066e+02  28.96213118    0  1.432023e+03    0  1.324578e+07  1.853855e+05
 [8,]  5.264192e+01  5.176844e-01 -18.52440619    0 -4.407539e+01    0  1.853855e+05  8.846461e+05
 [9,] -2.266643e+00 -2.180912e+03 109.35964383    0 -1.365160e+03    0  1.872967e+06  1.577190e+03
[10,]  5.914262e+00  1.124754e+01  18.19335012    0 -5.373313e+01    0  1.065674e+04  2.295531e+03
[11,] -6.496521e+00 -8.159986e-01   6.58601493    0  8.187635e+00    0  2.640914e+02  1.238854e+03
[12,]  4.281901e-01  6.724676e+01  -8.90941010    0 -9.693940e+00    0  8.539628e+03  2.025954e+01
[13,] -7.860024e-03 -8.866310e-03  -0.02004961    0  5.796715e-03    0  3.824398e+00 -1.600434e+00
[14,]  2.241303e-02  3.673992e-03  -0.05180496    0 -4.589973e-02    0  2.332112e+00 -2.828236e+00
[15,] -2.747417e-02 -1.894186e+00   0.23562054    0  3.137991e-01    0 -2.492014e+02 -2.200327e+00
               [,9]        [,10]        [,11]         [,12]        [,13]        [,14]         [,15]
 [1,] -2.266643e+00     5.914262   -6.4965207  4.281901e-01 -0.007860024  0.022413027 -2.747417e-02
 [2,] -2.180912e+03    11.247539   -0.8159986  6.724676e+01 -0.008866310  0.003673992 -1.894186e+00
 [3,]  1.093596e+02    18.193350    6.5860149 -8.909410e+00 -0.020049614 -0.051804961  2.356205e-01
 [4,]  0.000000e+00     0.000000    0.0000000  0.000000e+00  0.000000000  0.000000000  0.000000e+00
 [5,] -1.365160e+03   -53.733129    8.1876351 -9.693940e+00  0.005796715 -0.045899733  3.137991e-01
 [6,]  0.000000e+00     0.000000    0.0000000  0.000000e+00  0.000000000  0.000000000  0.000000e+00
 [7,]  1.872967e+06 10656.742597  264.0914317  8.539628e+03  3.824398351  2.332112405 -2.492014e+02
 [8,]  1.577190e+03  2295.530794 1238.8540199  2.025954e+01 -1.600434442 -2.828235503 -2.200327e+00
 [9,]  3.759279e+07 12292.503197  -62.5963366  1.474454e+04 -2.595545581  0.386071107 -4.414964e+02
[10,]  1.229250e+04  2806.149132 -368.0041118 -6.770937e+02 -1.484136533  2.417453027  1.458505e+01
[11,] -6.259634e+01  -368.004112  853.7399481 -4.084359e+00  0.235978292 -7.266031697  1.843737e-01
[12,]  1.474454e+04  -677.093703   -4.0843588  1.275763e+03  0.262336220  0.021708426 -3.215493e+01
[13,] -2.595546e+00    -1.484137    0.2359783  2.623362e-01  0.001455997 -0.001541470 -3.602499e-03
[14,]  3.860711e-01     2.417453   -7.2660317  2.170843e-02 -0.001541470  0.133760529 -1.265476e-03
[15,] -4.414964e+02    14.585052    0.1843737 -3.215493e+01 -0.003602499 -0.001265476  2.004534e+00
